1611066368 729575652
1611066429 152193293
1611066489 574578233
1611066549 997399261
1611066610 420045581
1611066670 864559033
1611066731 265448292
1611066791 690421987
1611066852 111026666
1611066912 533552099
1611066972 956350306
1611067033 379329047
1611067093 801835426
1611067154 224751816
1611067214 647584896
1611067275 70306013
1611067335 493323486
1611067395 916004837
1611067456 338820932
1611067516 761550635
1611067577 184890209
1611067637 607235673
1611067698 30077474
1611067758 453008449
1611067818 876023741
1611067879 299156302
1611067939 721510920
1611068000 144565303
1611068060 567458203
1611068120 990266630
1611068181 413159097
1611068241 835961491
1611068302 259253290
1611068362 681702560
1611068423 104235978
1611068483 527294982
1611068543 950035821
1611068604 372420063
1611068664 799595873
1611068725 218471207
1611068785 640316016
1611068846 62978064
1611068906 485143316
1611068966 907538741
1611069027 330183137
1611069087 752737544
1611069148 174954066
1611069208 597491997
1611069269 19881493
1611069329 442409799
1611069389 864681527
1611069450 287204860
1611069510 709859327
1611069571 133028877
1611069631 561269815
1611069691 977210506
1611069752 399450149
1611069812 822120550
1611069873 244686805
1611069933 667136401
1611069994 89680473
1611070054 512029855
1611070114 934464239
1611070175 367704945
1611070235 786613872
1611070296 217600401
1611070356 624349565
1611070417 47359185
1611070477 469156701
1611070537 891780570
1611070598 314389986
1611070658 736554304
1611070719 159401624
1611070779 581905738
1611070840 4372931
1611070900 427077679
1611070960 849771012
1611071021 271973780
1611071081 694576411
1611071142 117280085
1611071202 544022234
1611071262 961895485
1611071323 384079946
1611071383 806675743
1611071444 229463507
1611071504 651406644
1611071565 74788194
1611071625 496627861
1611071685 919388725
1611071746 342235359
1611071806 764732396
1611071867 187586614
1611071927 610357547
1611071988 33094217
1611072048 456103457
1611072108 878971411
1611072169 302073085
1611072229 725963707
1611072290 148069544
1611072350 571355136
1611072410 994113552
1611072471 417125890
1611072531 840106947
1611072592 263129999
1611072652 686308323
1611072713 109536627
1611072773 535011864
1611072833 955931789
1611072894 395691833
1611072954 804901941
1611073015 230311624
1611073075 648967336
1611073136 72364539
1611073196 495441739
1611073256 918804184
1611073317 341902283
1611073377 765420995
1611073438 190227829
1611073498 611992445
1611073559 35373567
1611073619 459069236
1611073679 883129291
1611073740 305990499
1611073800 729190343
1611073861 152877681
1611073921 576126734
1611073982 45659276
1611074042 519596117
1611074102 892091214
1611074163 352265777
1611074223 717360066
1611074284 123271120
1611074344 592492470
1611074404 997810681
1611074465 463326920
1611074525 821508975
1611074586 242763472
1611074646 749427265
1611074707 96142998
1611074767 594730473
1611074827 981862802
1611074888 359767809
1611074948 876843413
1611075009 219528902
1611075069 662604114
1611075130 77232804
1611075190 472980992
1611075250 898221318
1611075311 329991383
1611075371 808078259
1611075432 172630254
1611075492 591918906
1611075553 34391955
1611075613 441164351
1611075673 956291516
1611075734 286376887
1611075794 811415473
1611075855 133628864
1611075915 557060755
1611075975 980365038
1611076036 404132538
1611076096 831586310
1611076157 280819574
1611076217 676873045
1611076278 144669819
1611076338 522381909
1611076399 11911525
1611076459 370267837
1611076519 848439916
1611076580 218482432
1611076640 638786948
1611076701 62067709
1611076761 485396158
1611076822 7430076
1611076882 354866520
1611076942 755572766
1611077003 246600239
1611077063 602566484
1611077124 44237006
1611077184 449537236
1611077244 872836087
1611077305 342934908
1611077365 760432614
1611077426 214620607
1611077486 621354040
1611077547 21890881
1611077607 413059550
1611077667 836361818
1611077728 259741169
1611077788 683272652
1611077849 187052482
1611077909 530130180
1611077969 967939887
1611078030 376961436
1611078090 800749280
1611078151 223491525
1611078211 646818263
1611078272 70163544
