1611146841 39626332
1611146901 575514367
1611146962 111767429
1611147022 648313752
1611147083 211908391
1611147143 720902127
1611147204 327223009
1611147264 797526564
1611147325 335856880
1611147385 871614695
1611147446 411338866
1611147506 947675029
1611147567 483841282
1611147628 25247671
1611147688 560935375
1611147749 97345073
1611147809 637448443
1611147870 173886943
1611147930 715614844
1611147991 250980817
1611148051 791722943
1611148112 327777921
1611148172 868835339
1611148233 404420218
1611148293 947825913
1611148354 481305054
1611148415 23126941
1611148475 559036088
1611148536 99349423
1611148596 639556616
1611148657 279944703
1611148717 716651513
1611148778 257681517
1611148838 793472860
1611148899 357412033
1611148959 870815264
1611149020 411442313
1611149080 949398821
1611149141 488384120
1611149202 28742588
1611149262 722732919
1611149323 262471200
1611149383 646368869
1611149444 184735250
1611149504 723160826
1611149565 259697795
1611149625 800190983
1611149686 336809661
1611149746 879088746
1611149807 413385278
1611149867 955575664
1611149928 489999155
1611149989 31334767
1611150049 567134323
1611150110 103712398
1611150170 645995349
1611150231 314457360
1611150291 718077030
1611150352 257885368
1611150412 791732730
1611150473 330672028
1611150533 871054824
1611150594 407278503
1611150654 951122566
1611150715 484071040
1611150776 23246888
1611150836 557172673
1611150897 97963864
1611150957 634201058
1611151018 170866742
1611151078 710870963
1611151139 246910885
1611151199 789186833
1611151260 324026416
1611151320 864948419
1611151381 401972823
1611151441 941725952
1611151502 478616617
1611151563 13930266
1611151623 554856917
1611151684 114405359
1611151744 628011471
1611151805 168262247
1611151865 704746407
1611151926 241299260
1611151986 782248820
1611152047 318382920
1611152107 854880831
1611152168 391004619
1611152228 982132678
1611152289 467808301
1611152350 4254040
1611152410 541025813
1611152471 100266629
1611152531 617736246
1611152592 154308575
1611152652 690389850
1611152713 226578641
1611152773 787787487
1611152834 299588105
1611152894 835831219
1611152955 376845623
1611153015 912825349
1611153076 449282446
1611153136 986286970
1611153197 522123265
1611153258 66118200
1611153318 642764694
1611153379 133790615
1611153439 696797649
1611153500 208177188
1611153560 744662143
1611153621 281652805
1611153681 817585680
1611153742 357832619
1611153802 895522621
1611153863 430775185
1611153923 966868025
1611153984 504015413
1611154045 80919131
1611154105 580618920
1611154166 114374024
1611154226 658278203
1611154287 194280000
1611154347 821288719
1611154408 306293839
1611154468 811527285
1611154529 354010966
1611154589 941077471
1611154650 472534095
1611154710 965207298
1611154771 502178751
1611154832 42800994
1611154892 611192177
1611154953 165245909
1611155013 656158903
1611155074 191978992
1611155134 727945704
1611155195 264915360
1611155255 800691543
1611155316 341501813
1611155376 878114641
1611155437 438927230
1611155497 950532005
1611155558 487657562
1611155619 23454521
1611155679 559543336
1611155740 101506006
1611155800 636891002
1611155861 172903447
1611155921 712992952
1611155982 297331494
1611156042 782179336
1611156103 318933815
1611156163 861760560
1611156224 398127739
1611156285 98629888
1611156345 516006800
1611156406 4821347
1611156466 569159025
1611156527 78223252
1611156587 615155870
1611156648 202352285
1611156708 731782870
1611156769 230071669
1611156829 763603389
1611156890 303055782
1611156950 892016249
1611157011 372855576
1611157071 909016400
1611157132 446066742
1611157193 10841234
1611157253 660718927
1611157314 59137315
1611157374 596510100
1611157435 171607246
1611157495 668508370
1611157556 227589105
1611157616 740563608
1611157677 278650931
1611157737 814029697
1611157798 383878643
1611157858 886689891
1611157919 424562472
1611157979 959578572
1611158040 490808765
1611158101 27855186
1611158161 564652687
1611158222 102130650
1611158282 640700060
1611158343 175842535
1611158403 719099390
1611158464 248575148
1611158524 783116295
1611158585 373460731
1611158645 872777333
1611158706 392450994
1611158766 928528016
1611158827 464494915
1611158888 114435539
1611158948 537046916
1611159009 74577350
1611159069 610164478
1611159130 146567759
1611159190 684353180
1611159251 251833075
1611159311 778002583
1611159372 292409005
1611159432 828860755
1611159493 365166839
1611159553 904531933
1611159614 438055077
1611159674 980110839
1611159735 511659736
1611159796 49711988
1611159856 587073563
1611159917 124239452
1611159977 665671915
1611160038 196750475
1611160098 733066546
1611160159 269840270
1611160219 807041516
1611160280 379231204
1611160340 879134082
1611160401 434521992
1611160461 951264500
1611160522 488774749
1611160583 27899853
1611160643 568253987
1611160704 103933336
1611160764 639259954
1611160825 175789694
1611160885 716755777
1611160946 289250339
1611161006 787784359
1611161067 326182523
1611161127 862888287
1611161188 400939834
1611161248 937325228
1611161309 473508535
1611161370 14083202
1611161430 552064203
1611161491 88899848
1611161551 672828776
1611161612 163436437
1611161672 701520180
1611161733 236043530
1611161793 776603523
1611161854 313319340
1611161914 898739255
1611161975 390950366
1611162035 926840148
1611162096 462460240
1611162157 520592089
1611162217 540347793
1611162278 76053077
1611162338 613573837
