1611066404 697374369
1611066465 121352589
1611066525 540983513
1611066585 965362398
1611066646 385788211
1611066706 809927910
1611066767 230118439
1611066827 650493063
1611066888 76275566
1611066948 495505688
1611067008 919168991
1611067069 339844120
1611067129 763821132
1611067190 188439175
1611067250 608885007
1611067311 28586721
1611067371 452875482
1611067431 873237688
1611067492 297561585
1611067552 717899134
1611067613 138358001
1611067673 562515445
1611067733 982500596
1611067794 407463652
1611067854 831562243
1611067915 251725162
1611067975 671731296
1611068036 93444993
1611068096 516875129
1611068156 939249252
1611068217 360870066
1611068277 781914196
1611068338 206070707
1611068398 625446616
1611068459 52941267
1611068519 470857437
1611068579 893979924
1611068640 313705784
1611068700 738032523
1611068761 157936811
1611068821 583246748
1611068882 2010901
1611068942 426173842
1611069002 846210750
1611069063 271376854
1611069123 690305094
1611069184 114427901
1611069244 534631543
1611069304 958817310
1611069365 380449758
1611069425 802983998
1611069486 222871611
1611069546 649550379
1611069607 67106343
1611069667 491691080
1611069727 911375328
1611069788 335333900
1611069848 755626416
1611069909 179584046
1611069969 599888864
1611070030 23943122
1611070090 444268468
1611070150 870977961
1611070211 288344207
1611070271 712437896
1611070332 169326388
1611070392 556608067
1611070452 977257972
1611070513 400825271
1611070573 820954459
1611070634 245288347
1611070694 665136076
1611070755 89555670
1611070815 509547819
1611070875 933712059
1611070936 353623768
1611070996 778145332
1611071057 198186030
1611071117 622054689
1611071178 42207069
1611071238 467065409
1611071298 887767345
1611071359 310603376
1611071419 730320793
1611071480 154795354
1611071540 574738436
1611071600 998879187
1611071661 420850244
1611071721 843497373
1611071782 267232256
1611071842 703094130
1611071903 111550481
1611071963 531492447
1611072023 955656766
1611072084 380431075
1611072144 800110015
1611072205 225776723
1611072265 644862466
1611072326 68389625
1611072386 492794225
1611072446 915758686
1611072507 336896940
1611072567 756883763
1611072628 181174707
1611072688 605802521
1611072749 25107794
1611072809 449974957
1611072869 874091745
1611072930 293752355
1611072990 718695285
1611073051 141898057
1611073111 561984576
1611073171 986311991
1611073232 410462490
1611073292 830478147
1611073353 254832971
1611073413 678862415
1611073474 103104035
1611073534 523158372
1611073594 947370625
1611073655 371712758
1611073715 791633624
1611073776 215801029
1611073836 640277466
1611073897 60089351
1611073957 483942998
1611074017 985929113
1611074078 405597908
1611074138 853293664
1611074199 210027676
1611074259 604903990
1611074320 43610976
1611074380 469727196
1611074440 959647216
1611074501 372405965
1611074561 775676509
1611074622 138461044
1611074682 628110558
1611074743 8997153
1611074803 461549266
1611074863 854627743
1611074924 254500039
1611074984 743618376
1611075045 108540689
1611075105 572028347
1611075165 989481516
1611075226 438948652
1611075286 791350285
1611075347 224476646
1611075407 641978661
1611075468 84934217
1611075528 491490010
1611075588 908395167
1611075649 384945411
1611075709 753086287
1611075770 177321672
1611075830 650535425
1611075891 44849933
1611075951 543792276
1611076011 869362837
1611076072 289770234
1611076132 714250464
1611076193 137908426
1611076253 558548197
1611076313 982421427
1611076374 421896882
1611076434 826452153
1611076495 257602451
1611076555 753413826
1611076616 106691911
1611076676 528056878
1611076736 943454269
1611076797 442282502
1611076857 815298135
1611076918 249210546
1611076978 631981973
1611077039 56350675
1611077099 476177737
1611077159 978733044
1611077220 324649509
1611077280 751286282
1611077341 168751699
1611077401 590514612
1611077462 70502734
1611077522 438075676
1611077582 864098911
1611077643 289563568
1611077703 771879936
1611077764 126121927
1611077824 613763045
1611077885 68417070
1611077945 394536993
1611078005 822456579
1611078066 238922917
1611078126 662923924
1611078187 82971611
1611078247 593582501
