1611193887 150544418
1611193947 597662096
1611194008 40064892
1611194068 485076583
1611194128 930109225
1611194189 374620520
1611194249 824192063
1611194310 270076703
1611194370 713608166
1611194431 159514020
1611194491 603846318
1611194552 49284202
1611194612 498181221
1611194672 943956661
1611194733 390774852
1611194793 835583254
1611194854 294479942
1611194914 728902899
1611194975 171102589
1611195035 615806428
1611195096 61021324
1611195156 506497930
1611195216 952316756
1611195277 399743358
1611195337 844865871
1611195398 289358081
1611195458 738303159
1611195519 187838586
1611195579 628181694
1611195640 74312794
1611195700 521999962
1611195760 969253875
1611195821 413042537
1611195881 880627644
1611195942 306171087
1611196002 751224537
1611196063 196433247
1611196123 640699178
1611196184 92658361
1611196244 535878961
1611196304 981269562
1611196365 424920927
1611196425 873831224
1611196486 318606197
1611196546 763543388
1611196607 208472043
1611196667 657497843
1611196728 101961103
1611196788 547365428
1611196848 996416444
1611196909 441774788
1611196969 886802333
1611197030 330645962
1611197090 779573488
1611197151 224598135
1611197211 669983383
1611197272 118203745
1611197332 563162278
1611197393 10168601
1611197453 455584903
1611197513 904464607
1611197574 348235192
