1611188616 854495659
1611188677 277480409
1611188737 775318142
1611188798 101836221
1611188858 513681695
1611188918 930239774
1611188979 344949163
1611189039 761413611
1611189100 173070425
1611189160 588935519
1611189221 4903732
1611189281 561772227
1611189341 840722025
1611189402 248304393
1611189462 664618139
1611189523 80207801
1611189583 496228934
1611189643 907882596
1611189704 325225014
1611189764 739463356
1611189825 154996717
1611189885 571355299
1611189945 984124030
1611190006 403161252
1611190066 814429496
1611190127 228214674
1611190187 647964976
1611190248 58178547
1611190308 474746727
1611190368 890092957
1611190429 305704891
1611190489 717467997
1611190550 133173366
1611190610 548749728
1611190671 5595967
1611190731 376223604
1611190791 792912032
1611190852 208160713
1611190912 624076756
1611190973 35949037
1611191033 451759004
1611191093 867733647
1611191154 283042263
1611191214 698877813
1611191275 181592063
1611191335 527292457
1611191395 942821024
1611191456 364425227
1611191516 772045419
1611191577 185903726
1611191637 602324414
1611191698 18335357
1611191758 433781043
1611191818 846289087
1611191879 261750399
1611191939 677551613
1611192000 94471320
1611192060 534311180
1611192120 918786925
1611192181 337360631
1611192241 752382774
1611192302 168479063
